1 183 3
1 28 3
1 30 3
1 11 2
1 50 2
1 101 2
1 12 1
1 13 1
1 14 1
1 56 3
1 377 3
1 858 3
1 184 2
1 29 2
1 36 2
1 51 1
1 141 1
1 194 1
1 874 3
1 55 2
1 65 2
1 94 2
1 461 1
1 496 2
1 857 2
1 875 2
1 878 2
1 879 2
2 11 4
2 14 3
2 183 3
2 857 3
2 50 2
2 101 2
2 201 2
2 13 1
2 51 1
2 379 1
2 745 4
2 858 3
2 947 3
2 284 2
2 389 2
2 390 2
2 441 1
2 496 2
2 642 2
2 855 2
2 856 2
2 876 2
2 863 2
2 657 2
3 4 2
3 5 2
3 89 2
3 90 2
3 118 2
3 143 2
3 180 2
3 398 2
4 235 2
4 165 2
5 551 4
5 400 2
5 1296 2
5 1295 4
6 98 3
6 114 2
6 256 2
6 257 2
7 19 3
7 55 2
7 56 2
7 57 2
7 18 1
8 47 4
8 121 4
8 19 2
8 57 2
8 195 2
8 353 4
8 359 4
8 196 2
8 998 2
8 1111 2
8 1004 4
9 20 3
9 21 3
9 549 3
10 258 3
10 404 3
10 301 2
10 435 2
10 436 2
10 437 2
10 997 2
10 1010 2
11 26 2
11 27 2
11 261 2
11 159 1
11 19 1
11 262 2
11 653 1
12 85 3
12 193 3
12 649 3
12 648 1
12 651 3
13 63 3
13 264 3
13 64 1
13 310 1
14 63 4
14 64 1
15 462 4
15 461 2
16 265 3
16 105 2
16 195 2
17 105 3
17 195 2
18 195 3
18 196 3
18 197 3
19 31 3
19 66 3
19 163 3
19 638 2
19 714 2
19 715 2
19 718 1
19 1378 1
19 716 2
20 86 2
20 87 2
20 103 2
20 266 2
20 267 2
20 268 2
20 269 2
20 406 2
20 407 2
21 270 4
21 15 3
21 412 3
21 413 2
22 67 4
23 899 4
23 901 4
23 199 3
23 200 3
23 600 3
23 898 2
23 902 2
23 592 2
23 198 1
23 593 1
23 900 3
23 543 3
23 596 3
23 748 2
23 916 2
23 918 2
23 1332 1
23 633 3
23 686 3
23 697 3
23 1289 2
23 699 3
23 703 3
23 704 3
23 1108 3
23 1111 3
23 1140 3
23 1196 3
23 1255 3
23 1258 3
23 1271 3
23 1288 3
24 45 3
24 46 3
24 91 2
25 212 3
25 211 2
25 213 2
25 214 2
25 215 2
25 275 2
25 276 2
25 425 2
25 426 2
26 144 4
26 610 4
26 375 3
26 405 3
26 564 3
26 1075 3
27 223 3
27 277 2
27 427 2
28 223 2
28 278 2
29 249 3
29 513 3
29 608 3
29 224 2
29 792 2
29 463 1
29 464 1
29 611 3
29 465 1
30 224 3
30 463 3
30 513 3
30 465 2
30 608 2
30 611 2
30 792 1
31 775 1
32 464 3
32 248 2
32 776 2
32 777 2
32 246 1
32 249 1
33 251 2
33 430 2
33 140 1
34 251 4
34 430 2
34 671 2
34 713 2
34 798 2
34 799 2
35 165 4
35 166 4
35 131 2
36 168 3
36 167 2
37 172 3
37 187 3
37 171 2
37 96 2
37 120 2
37 186 2
37 241 2
37 408 2
37 486 2
38 23 3
38 282 3
38 551 3
38 271 2
38 556 1
38 557 1
38 552 3
38 553 3
38 554 3
38 555 3
39 271 4
39 554 4
39 23 3
39 282 3
39 551 3
39 78 2
39 206 2
39 417 2
39 556 1
39 553 3
39 555 3
39 504 2
39 1256 2
40 23 3
40 282 3
40 551 3
40 271 2
40 84 2
40 975 2
40 556 1
40 557 1
40 552 3
40 553 3
40 554 3
40 555 3
41 287 4
41 288 4
41 432 3
42 467 3
42 466 2
42 468 2
42 469 2
42 774 1
43 466 4
43 467 4
43 38 2
43 502 2
43 774 2
43 468 4
44 301 2
44 435 2
44 436 1
45 304 3
45 569 3
45 307 2
45 480 2
45 337 2
45 1225 1
45 1354 1
45 1184 2
45 628 2
45 662 2
45 797 2
45 571 2
46 304 3
46 337 2
46 343 2
46 480 2
46 83 1
46 122 1
46 1184 1
46 622 2
46 569 2
46 797 2
46 1225 1
46 628 1
46 662 1
46 571 1
46 1354 1
47 303 3
47 305 3
47 306 3
47 304 2
47 628 2
47 662 2
47 307 1
47 308 3
47 309 3
47 569 3
47 797 2
47 1184 2
47 1354 2
47 571 3
48 438 3
48 310 2
48 315 2
48 439 2
48 186 1
48 313 1
48 314 1
48 796 2
48 797 2
48 793 1
48 264 1
49 319 2
49 477 1
50 325 3
50 628 3
50 20 1
50 93 1
50 21 1
50 305 1
51 93 4
51 22 3
51 104 3
51 380 3
51 191 2
51 325 1
51 62 1
51 493 3
51 628 3
51 260 1
52 20 3
52 21 3
52 305 3
52 325 1
53 295 2
53 32 2
53 445 1
53 446 1
53 447 1
53 448 1
53 207 1
53 296 1
53 297 1
53 298 1
54 83 3
54 23 2
54 100 2
54 293 2
54 627 1
54 660 1
54 363 2
54 364 2
54 559 2
55 15 3
55 374 3
55 459 3
55 377 2
55 254 2
55 270 2
55 375 1
55 376 1
55 561 3
55 501 2
56 379 3
56 748 2
56 1338 2
56 13 1
56 704 1
56 778 1
56 779 1
56 378 1
56 642 1
56 685 1
57 379 3
57 592 2
57 745 2
57 913 2
57 13 1
57 378 1
57 704 1
57 778 1
57 779 1
57 703 1
57 11 1
57 14 1
57 856 1
57 858 1
58 787 3
58 784 2
58 785 2
58 786 2
58 22 1
58 380 1
58 381 1
58 783 1
58 788 1
59 787 3
59 784 2
59 785 2
59 786 2
60 474 3
60 475 2
60 526 2
60 319 1
60 477 1
61 564 3
61 565 3
61 563 2
61 1158 2
61 660 1
62 565 4
62 566 3
62 1083 3
62 1077 2
62 1080 2
63 566 4
63 563 2
63 565 2
64 389 4
64 390 3
65 1 3
65 2 3
65 127 3
65 179 2
65 322 2
65 323 2
65 417 1
65 663 3
65 628 3
65 392 2
65 393 2
65 658 2
65 3 2
65 383 2
65 1301 2
66 663 3
66 628 3
66 179 2
66 658 2
66 659 2
67 1 4
67 2 4
67 663 3
67 628 3
67 322 2
67 323 2
67 392 2
67 127 4
67 179 4
67 393 2
67 658 2
67 388 2
67 3 2
67 1301 2
68 661 3
68 100 2
68 459 2
68 660 2
68 61 2
69 457 3
69 569 3
69 976 2
69 61 2
69 335 1
70 332 4
70 567 3
70 569 3
70 61 3
70 100 2
70 282 2
70 564 2
70 23 1
70 976 2
70 306 2
71 568 4
71 570 4
71 1354 3
71 100 2
71 654 2
71 1212 2
71 797 1
71 571 4
72 20 3
72 323 3
72 629 3
72 93 2
72 663 2
72 303 2
72 127 1
72 322 1
72 662 1
72 569 2
72 493 2
72 304 1
72 308 1
72 570 1
72 654 1
72 387 1
72 61 1
73 331 3
73 571 3
73 577 3
73 572 2
73 573 2
73 420 2
73 24 1
73 316 1
73 576 1
73 400 3
73 624 3
73 159 2
73 1212 2
73 1303 2
73 1197 1
73 654 1
73 1354 1
73 67 2
73 570 2
73 1251 2
74 575 3
74 655 3
74 574 2
74 316 1
74 573 1
74 577 1
75 666 3
75 323 2
75 377 2
75 665 2
75 669 2
76 377 3
76 666 3
76 323 2
76 665 2
76 669 2
76 1390 2
76 328 2
77 667 3
77 665 2
77 666 2
77 669 2
77 328 1
77 1390 1
78 587 3
78 588 2
78 589 2
79 596 2
79 597 2
79 687 1
79 707 1
79 712 1
80 593 4
80 596 4
80 595 2
80 597 2
81 671 4
81 798 1
82 675 3
82 676 3
82 677 2
82 678 2
82 204 2
83 679 3
83 680 3
83 681 3
83 682 3
84 605 3
84 405 3
84 607 2
84 141 2
84 293 2
84 353 1
84 521 1
84 961 2
84 1191 2
84 1212 2
84 872 1
85 607 4
85 405 3
85 605 2
85 709 2
86 593 2
86 789 2
87 605 3
87 610 3
87 561 2
87 49 1
87 235 1
87 608 1
87 611 1
87 405 1
88 612 3
88 613 3
88 614 3
88 615 2
88 616 2
88 617 1
89 792 3
89 793 3
89 796 2
89 794 1
89 795 1
89 419 1
90 793 3
90 796 3
90 797 3
90 792 2
90 795 2
90 290 2
90 799 1
90 1186 1
90 255 3
90 310 2
90 334 2
90 1363 2
90 1366 1
91 251 3
91 800 3
91 796 2
91 798 2
91 799 2
91 792 1
91 793 1
91 1153 2
91 671 1
92 801 3
92 802 3
92 807 2
92 808 2
92 810 2
92 803 1
92 804 1
92 805 1
92 252 2
92 1246 2
92 806 1
92 809 1
92 1242 1
93 690 2
94 23 4
94 282 2
94 293 2
94 558 2
94 688 1
94 689 1
94 100 1
94 1392 2
94 353 1
94 1103 1
94 1160 1
94 1394 1
95 282 4
95 661 1
96 702 2
96 703 2
96 704 2
96 697 1
96 698 1
96 699 1
96 1288 2
96 778 2
96 700 1
96 701 1
96 705 1
96 791 1
96 1338 1
97 698 2
97 699 2
97 700 2
97 697 1
97 1288 1
97 701 2
97 702 2
97 778 2
97 1338 1
97 680 2
98 712 3
98 707 1
98 708 1
98 710 1
98 711 1
99 716 3
99 718 3
99 1000 2
99 1378 2
100 820 3
100 821 3
100 823 3
100 819 2
100 822 2
100 824 2
100 1121 3
100 1050 2
100 1120 2
101 816 3
101 817 3
101 818 3
101 819 2
101 824 2
101 823 3
102 727 4
102 912 3
102 909 2
102 910 1
103 825 2
103 827 2
104 832 2
104 833 2
104 834 2
104 835 2
104 836 2
105 847 2
105 843 1
105 844 1
105 845 1
105 846 1
106 846 3
106 845 2
106 848 2
106 843 1
106 844 1
107 724 3
107 727 3
107 728 2
107 910 2
107 719 1
107 74 1
107 908 1
108 723 3
108 725 3
108 726 3
108 74 2
108 908 2
108 719 1
108 722 1
109 859 4
109 860 4
109 605 2
109 979 2
109 11 2
110 861 4
110 862 4
110 30 2
110 1173 1
111 14 3
111 390 3
111 863 3
111 913 2
111 391 2
111 626 2
111 657 2
112 730 2
112 729 1
113 745 2
113 747 2
113 748 2
113 264 2
114 918 4
114 915 3
114 919 2
114 920 2
115 50 3
115 184 3
115 877 2
115 873 1
116 921 4
116 359 2
116 604 2
116 926 2
116 491 1
117 359 3
117 604 2
118 922 3
118 923 2
118 924 2
119 925 1
120 828 3
120 886 3
120 889 3
120 884 2
120 885 2
120 887 2
120 888 1
120 1145 3
120 890 2
121 884 4
121 885 4
121 1145 3
121 886 4
121 887 4
121 889 4
121 890 4
122 930 1
122 931 3
122 933 1
122 934 1
122 935 3
122 936 3
122 937 3
122 956 2
122 1130 2
123 965 3
123 966 2
124 966 3
124 967 3
124 963 2
124 964 2
125 968 3
125 969 3
125 970 3
125 186 2
125 972 2
125 172 2
125 973 1
125 176 1
125 971 3
125 173 3
125 996 3
125 175 2
125 408 2
125 945 2
125 991 2
125 993 2
125 994 2
126 973 3
126 1325 3
126 186 2
126 968 2
126 969 2
126 970 2
126 971 2
126 972 2
127 100 3
127 163 3
127 980 2
127 981 1
127 982 1
128 984 2
128 989 2
129 984 3
129 986 3
129 983 2
129 987 2
129 988 2
129 985 1
129 989 2
130 765 3
130 857 2
130 858 2
130 1007 2
130 11 2
131 1013 3
131 1019 3
131 1012 2
131 1015 2
131 1016 2
131 1011 1
131 1017 2
131 1018 2
132 1013 4
132 1012 2
132 1014 2
132 1015 2
132 1011 1
132 1017 1
132 1018 1
132 1016 2
132 950 2
132 1022 2
132 1019 1
132 951 1
132 1023 1
132 1024 2
132 1025 2
133 1019 4
133 1017 3
133 1018 3
133 1023 2
133 1011 1
133 1015 1
133 1021 1
134 1026 3
134 1027 2
135 1017 4
135 1016 1
135 1022 1
135 1023 1
135 1024 1
135 1025 1
135 949 1
135 1015 1
136 1020 4
136 1021 1
136 1033 1
137 1028 3
137 1033 2
137 950 2
137 1020 2
138 845 4
138 1035 4
139 1030 3
139 1031 3
139 1034 3
139 1036 1
140 1037 4
140 1038 4
140 1040 3
140 1041 3
140 1042 1
140 1043 1
141 1037 4
141 1040 4
141 1042 3
141 1043 3
141 1038 2
141 1041 2
142 1041 4
143 1042 4
143 1043 4
144 839 3
144 1044 3
144 762 2
144 837 2
144 838 2
144 840 2
145 762 3
145 837 3
145 838 3
145 1044 2
145 742 2
145 851 1
145 840 3
146 839 4
146 1044 2
147 888 2
147 1045 2
147 1047 2
147 1046 1
147 1048 1
147 1050 1
147 1049 2
147 842 2
147 925 1
147 821 1
148 888 3
148 1047 3
148 1049 3
148 1045 2
148 1048 2
148 842 2
149 1056 2
149 1057 2
149 1058 2
149 1051 1
149 929 2
149 930 2
149 933 2
149 935 2
149 936 2
149 937 2
149 1130 2
150 1073 2
150 1074 2
151 686 3
151 1075 3
151 1073 2
151 1074 1
151 1076 1
152 1075 4
152 1076 2
152 568 2
152 571 2
152 686 1
152 654 2
153 1077 2
153 1082 2
153 1083 2
153 1079 1
153 1080 1
153 1081 1
153 1084 2
154 1086 3
154 1087 2
155 1102 4
155 1099 3
155 982 2
155 1100 2
155 1103 2
155 1098 1
156 982 4
156 1101 4
156 1096 3
156 1099 3
156 273 3
156 1095 2
156 1097 2
156 1098 2
156 1102 1
156 981 1
156 1103 4
156 552 3
156 1100 2
156 81 2
157 272 3
157 1104 3
157 1105 3
157 92 2
157 160 2
157 301 2
157 121 1
157 665 1
157 1106 3
157 555 3
157 24 3
157 1010 2
157 18 2
157 34 2
157 1354 1
157 371 3
157 409 3
157 455 3
157 35 2
157 43 2
157 214 2
157 625 3
157 1150 3
157 353 2
157 368 2
157 369 2
157 420 2
157 556 2
157 604 2
157 654 2
157 656 2
157 688 2
157 1306 2
157 317 2
157 422 2
157 1303 2
157 159 2
157 481 2
157 571 2
158 301 4
158 1010 4
158 551 3
158 997 2
158 1008 2
158 1009 2
158 272 1
158 555 1
159 233 2
159 1107 2
159 1109 2
159 1113 1
159 1114 1
159 1110 2
159 1111 2
159 230 2
160 1133 2
160 1136 2
160 1137 2
160 1134 1
160 1135 1
161 53 3
161 1385 3
161 561 2
161 335 2
161 54 1
161 995 1
162 110 4
162 154 4
162 459 3
162 460 3
162 53 2
162 561 2
162 457 4
162 458 4
163 19 2
163 55 2
163 56 2
164 310 3
164 414 2
164 415 2
164 797 2
164 315 1
164 334 1
164 1363 2
164 1366 2
165 70 4
165 71 4
166 39 3
166 40 3
166 73 3
166 206 3
166 271 3
166 417 3
166 169 3
166 1263 3
167 273 3
167 81 2
168 216 4
168 773 4
169 117 4
169 156 4
169 773 4
169 774 4
170 138 3
170 237 3
170 238 2
170 903 2
170 905 2
170 671 2
171 251 4
171 430 4
171 140 1
172 319 4
172 320 4
172 321 2
172 475 2
173 366 4
173 450 4
174 57 4
174 410 4
174 35 3
174 422 1
174 481 4
175 350 3
175 965 3
175 966 3
175 963 2
175 964 2
176 581 4
176 582 4
176 583 2
176 584 2
176 977 1
176 585 4
176 981 4
177 587 3
177 588 3
177 591 2
177 771 2
177 589 1
178 590 4
178 589 2
178 587 1
178 588 1
179 679 2
179 680 2
179 681 2
179 682 2
180 621 3
180 618 2
180 619 2
180 620 2
180 616 1
180 615 1
180 1149 1