1 1239
1 1502
1 4462
1 4569
1 5472
1 5502
1 6471
1 6480
1 6664
1 6824
1 7923
1 8150
1 8172
1 8277
1 9219
1 9859
1 9988
1 10081
1 10588
2 414
2 1894
2 3785
2 4720
2 5894
2 6736
2 7113
2 7555
2 7749
2 7808
2 8241
2 8383
2 9112
2 9835
2 10802
3 141
3 148
3 813
3 1610
3 2429
3 3059
3 3272
3 3398
3 3614
3 3688
3 3708
3 4437
3 4710
3 4725
3 4833
3 5476
3 5662
3 5856
3 5976
3 6351
3 6885
3 6974
3 7086
3 7177
3 7304
3 7571
3 8007
3 8232
3 8957
3 9289
3 10174
3 10484
3 10486
4 2042
4 2180
4 3595
4 4057
4 7985
5 775
5 922
5 3484
5 4740
6 402
6 2546
6 4180
6 4419
6 5435
6 5437
6 5440
6 8099
6 10162
6 11178
7 449
7 450
7 451
7 696
7 827
7 829
7 1354
7 2231
7 2724
7 3090
7 3209
7 3318
7 3666
7 3897
7 4471
7 4473
7 4474
7 4476
7 4561
7 4758
7 4759
7 5192
7 5292
7 5294
7 5379
7 5507
7 5588
7 5589
7 5698
7 5784
7 5903
7 5906
7 6183
7 6184
7 6187
7 6188
7 6189
7 6190
7 6288
7 6474
7 6565
7 6568
7 6569
7 6731
7 6831
7 6923
7 6924
7 7130
7 7410
7 7602
7 7740
7 7837
7 7838
7 7903
7 8034
7 8052
7 8591
7 8594
7 8595
7 8596
7 9448
7 9720
7 9721
7 9724
7 9726
7 9888
7 9889
7 9977
7 9979
7 9980
7 9982
7 10071
7 10225
7 10648
7 11344
8 3774
9 187
9 7014
10 154
10 3531
10 5537
10 5855
10 6966
10 7262
10 7486
10 8011
10 9774
10 10167
10 10617
11 4749
11 7655
11 7656
11 8219
12 532
12 1727
12 2072
12 3284
12 3514
12 3615
12 3859
12 4087
12 4727
12 4733
12 5257
12 5567
12 5639
12 5654
12 6084
12 6086
12 6169
12 6356
12 6358
12 6705
12 6709
12 6803
12 6981
12 7100
12 7110
12 7488
12 7492
12 7813
12 7901
12 8108
12 8132
12 8251
12 8332
12 8458
12 8459
12 8467
12 9559
12 9733
12 9779
13 281
13 1337
13 1732
13 2085
13 2209
13 2458
13 2459
13 2463
13 3297
13 3398
13 3522
13 3641
13 3852
13 3984
13 4080
13 4454
13 4627
13 5045
13 5276
13 5368
13 5477
13 5743
13 5873
13 5980
13 6088
13 6273
13 6530
13 6534
13 6548
13 6549
13 6622
13 6909
13 6974
13 7073
13 7111
13 7176
13 7262
13 7374
13 7702
13 7709
13 7823
13 7908
13 8024
13 8136
13 8448
13 8563
13 8567
13 8960
13 9183
13 9423
13 9433
13 9434
13 9698
13 10192
13 10363
13 10487
13 10634
13 11037
13 11053
14 154
14 155
14 653
14 1317
14 1850
14 1852
14 2311
14 3272
14 3503
14 3523
14 3882
14 4205
14 4338
14 4424
14 4437
14 4718
14 4725
14 5480
14 5536
14 5561
14 5622
14 5660
14 5749
14 5856
14 5988
14 6079
14 6350
14 6530
14 6782
14 6794
14 6877
14 6887
14 6955
14 6974
14 7084
14 7086
14 7281
14 7290
14 7304
14 7342
14 7370
14 7375
14 7571
14 7690
14 7702
14 8124
14 8463
14 8563
14 9233
14 9697
14 9698
14 9794
14 9951
14 10043
14 10338
14 11314
15 260
15 417
15 1304
15 1829
15 1848
15 2064
15 3065
15 3276
15 3483
15 3719
15 3963
15 4331
15 4821
15 4930
15 5773
15 5849
15 5858
15 5863
15 6441
15 6520
15 6763
15 7297
15 7699
15 7705
15 8197
15 8245
15 8329
15 8435
15 9542
15 9790
15 10025
15 10625
16 648
16 3158
16 3515
16 3882
16 4087
16 4616
16 4630
16 5259
16 5267
16 6085
16 6141
16 6239
16 6815
16 6884
16 6895
16 7092
16 7158
16 7469
16 7560
16 7699
16 8241
16 8245
16 9199
16 9685
16 10319
16 11310
17 91
17 93
17 94
17 119
17 343
17 496
17 742
17 1128
17 1671
17 2876
17 4151
17 5226
17 9247
17 9481
17 9486
17 9729
17 9741
17 10835
17 10836
17 10979
17 10981
17 10983
17 11128
18 93
18 345
18 739
18 1290
18 2121
18 4150
18 4685
18 4883
18 5226
18 5709
18 6315
18 8798
18 9138
19 84
19 90
19 342
19 477
19 736
19 738
19 875
19 1004
19 1407
19 1670
19 1799
19 1908
19 2112
19 2895
19 3444
19 4161
19 4510
19 7044
19 7615
19 8757
19 9053
19 10001
19 10693
19 11127
20 893
20 2506
20 3446
20 3569
20 4796
20 4797
20 5508
20 5938
20 5939
20 6211
20 6218
20 6221
20 6228
20 6491
20 7059
20 7060
20 7426
20 7853
20 8177
20 8603
20 8621
20 10588
20 10686
21 77
21 478
21 494
21 577
21 621
21 757
21 874
21 905
21 907
21 995
21 996
21 997
21 1263
21 1274
21 1907
21 2013
21 2109
21 2118
21 2146
21 2153
21 2900
21 2905
21 3018
21 3116
21 3918
21 4508
21 5099
21 5326
21 5596
21 5713
21 5925
21 6302
21 7518
21 7864
21 8178
21 8621
21 8769
21 9156
21 10130
21 10138
21 10279
21 10590
21 10715
21 10716
21 10871
21 10962
21 11153
21 11154
21 11264
21 11411
22 91
22 94
22 95
22 483
22 608
22 736
22 876
22 879
22 912
22 1004
22 1262
22 1264
22 1404
22 1556
22 1695
22 2032
22 2124
22 2407
22 2505
22 2538
22 2864
22 3445
22 3446
22 3922
22 4035
22 4166
22 4395
22 4508
22 5535
22 5940
22 5943
22 6026
22 6027
22 6221
22 6403
22 6408
22 6588
22 6593
22 7426
22 7427
22 7524
22 7538
22 8083
22 8621
22 9025
22 9053
22 9054
22 9246
22 9247
22 9248
22 9249
22 9394
22 9490
22 9627
22 10281
22 10423
22 10447
22 10554
22 10578
22 10686
22 10832
22 11131
22 11388
22 11394
22 11410
23 81
23 473
23 3113
23 3799
23 4145
23 4497
23 4577
23 4784
23 4882
23 5313
23 5397
23 5593
23 5702
23 6303
23 6305
23 6659
23 7609
23 7847
23 8281
23 10962
24 77
24 471
24 998
24 1244
24 1395
24 1788
24 1789
24 1790
24 1794
24 2380
24 3334
24 3354
24 3437
24 3438
24 3554
24 4577
24 4784
24 4785
24 5519
24 5593
24 5702
24 5703
24 6304
24 6305
24 6306
24 6485
24 6657
24 6663
24 7608
24 8069
24 8070
24 8179
24 8396
24 8399
24 8897
24 9135
24 9908
24 10257
24 10818
25 80
25 88
25 328
25 329
25 1011
25 1128
25 1265
25 1395
25 1650
25 1663
25 1671
25 1796
25 1797
25 2016
25 2503
25 2628
25 2632
25 3111
25 3113
25 3351
25 3807
25 3918
25 4007
25 4028
25 4136
25 4138
25 4380
25 4881
25 5305
25 5328
25 5508
25 5594
25 5702
25 5713
25 5800
25 5907
25 5923
25 6300
25 6303
25 6305
25 6398
25 7029
25 7226
25 7518
25 7609
25 7613
25 7969
25 8165
25 8175
25 8179
25 8386
25 8396
25 8602
25 8617
25 8621
25 8741
25 8910
25 9135
25 9729
25 9907
25 10229
25 10523
25 10556
25 10835
25 10959
25 10960
25 10966
25 10980
25 11016
25 11108
25 11112
25 11235
25 11381
26 80
26 81
26 88
26 328
26 329
26 580
26 1011
26 1395
26 1663
26 1789
26 1794
26 2016
26 2628
26 2632
26 3111
26 3351
26 3807
26 3917
26 4028
26 4881
26 5328
26 5329
26 5594
26 5702
26 5713
26 5800
26 5923
26 6299
26 6301
26 6303
26 6304
26 6305
26 6398
26 6485
26 6663
26 6842
26 7028
26 7029
26 7224
26 7226
26 7613
26 7969
26 8078
26 8179
26 8396
26 8741
26 8929
26 9135
26 9907
26 10958
26 10959
26 11108
26 11235
27 124
27 914
27 1048
27 1154
27 1703
27 2534
27 2779
27 3132
27 3590
27 3825
27 3830
27 5224
27 5226
27 5335
27 5622
27 5623
27 5947
27 5948
27 6855
27 7774
27 7869
27 8517
27 8789
27 9160
27 9268
27 9754
27 9847
27 9848
28 4720
28 5472
28 5583
28 5850
28 7482
28 7515
28 8230
28 8441
29 1116
29 1403
29 3004
29 3343
29 4143
29 5394
29 6018
29 8398
29 8636
29 9133
29 9840
30 1284
30 3464
30 5304
30 8782
30 9376
30 9511
30 10290
31 1246
31 1389
31 2742
31 3553
31 4135
31 4492
31 4875
31 8615
31 8895
31 10095
31 11213
32 914
32 1703
32 1705
32 1822
32 1932
32 4297
32 4802
32 5226
32 5535
32 8790
32 8944
32 9160
32 10456
33 2768
33 4584
33 6134
33 6223
33 7236
33 7863
33 9050
33 11262
34 362
34 363
34 2413
34 2775
34 4369
34 5070
34 5530
34 9753
34 11263
35 115
35 369
35 616
35 617
35 1429
35 1558
35 1571
35 2144
35 2403
35 2900
35 2908
35 3021
35 3124
35 3455
35 3570
35 3703
35 3817
35 3922
35 4154
35 4287
35 4510
35 5945
35 6499
35 8187
35 8513
35 9036
35 10120
35 10574
35 10854
35 10996
36 2674
36 5955
36 6029
36 6940
36 8321
36 10302
36 10589
36 10654
37 86
37 1007
37 1008
37 1124
37 1251
37 1252
37 1402
37 2113
37 2256
37 3441
37 5198
37 8783
37 8909
37 9001
37 9132
37 9221
37 9484
37 9485
37 9636
37 10271
37 10548
37 10973
37 10974
37 11246
37 11383
38 213
38 332
38 598
38 1248
38 2253
38 2648
38 2744
38 8736
38 10103
38 10826
38 10828
38 10969
39 909
39 7063
39 8295
39 9758
39 11277
40 213
40 330
40 475
40 476
40 579
40 581
40 863
40 1003
40 1783
40 2254
40 2744
40 2745
40 2746
40 3228
40 3802
40 4153
40 4874
40 5917
40 8732
40 8901
40 9018
40 9363
40 9482
40 10112
40 10565
40 10566
40 10967
40 10969
40 11121
41 145
41 399
41 515
41 516
41 517
41 773
41 775
41 923
41 924
41 951
41 1055
41 1195
41 1307
41 1597
41 1712
41 1714
41 2176
41 2180
41 2284
41 2291
41 2428
41 2679
41 2790
41 2930
41 2938
41 2939
41 3037
41 3141
41 3373
41 3375
41 3599
41 3939
41 3945
41 3953
41 3954
41 4187
41 4311
41 4313
41 4594
41 4596
41 4709
41 4811
41 5016
41 5244
41 5428
41 5436
41 5446
41 5452
41 6048
41 6049
41 6050
41 6236
41 7876
41 8098
41 8218
41 8307
41 8310
41 8424
41 8527
41 8800
41 8805
41 8810
41 8811
41 8818
41 9062
41 9070
41 9073
41 9165
41 9168
41 9270
41 9403
41 9534
41 9930
41 10021
41 10023
41 10157
41 10472
41 10614
41 10615
41 11049
41 11165
41 11168
41 11170
41 11293
42 263
42 1713
42 2423
42 2427
42 2450
42 2455
42 2933
42 3372
42 3719
42 3948
42 4062
42 4309
42 4810
42 5018
42 5137
42 5150
42 5200
42 5444
42 5633
42 5686
42 5839
42 5841
42 6045
42 6147
42 6424
42 6428
42 6514
42 6515
42 7789
42 8101
42 8422
42 9926
42 9928
42 10368
42 11024
42 11034
43 2450
43 3372
43 4064
43 4309
43 5832
43 5851
43 6232
44 2041
44 2928
44 2937
44 3595
44 5430
44 6512
44 7989
44 8099
45 3607
45 3716
45 3941
45 4195
45 10324
46 147
46 402
46 1055
46 1586
46 2546
46 2788
46 2817
46 3140
46 3143
46 3145
46 3373
46 3485
46 3599
46 3720
46 3939
46 3940
46 4054
46 4057
46 4059
46 4180
46 4311
46 4312
46 4549
46 4596
46 4709
46 5237
46 5431
46 5435
46 5733
46 6052
46 6237
46 6337
46 6614
46 7287
46 7674
46 7877
46 7988
46 8099
46 8113
46 8426
46 8436
46 8531
46 8804
46 8806
46 10473
46 11178
46 11321
47 133
47 667
47 812
47 1299
47 1487
47 1626
47 1972
47 2082
47 2084
47 2465
47 3043
47 3076
47 3188
47 3530
47 3754
47 3755
47 4103
47 4104
47 4446
47 5887
47 6550
47 6908
47 7818
47 7913
47 8025
47 8466
47 8467
47 10364
47 10365
47 11053
47 11326
47 11327
48 776
48 1934
48 2178
49 662
49 1159
49 2667
49 3536
49 4209
49 5349
49 10046
50 9864
51 11
51 5030
51 5551
51 6245
51 6246
51 6777
51 6779
51 6878
51 7074
51 7464
51 7488
51 7717
51 7798
51 8223
51 8535
51 8677
52 515
52 516
52 636
52 811
52 1307
52 2050
52 2424
52 2679
52 3599
52 8647
52 8810
52 9070
52 9277
52 9278
52 9316
52 9403
52 10023
52 10163
52 10325
52 10614
52 10616
52 10618
52 10876
52 11030
52 11170
53 957
53 2815
53 3648
53 4100
53 5056
53 5178
53 7019
53 7794
53 8561
53 8569
53 9406
53 9806
53 9877
53 9967
53 9968
53 10033
53 11030
54 143
54 924
54 1455
54 1458
54 3610
54 8021
54 8214
54 8652
54 8951
54 10745
55 30
55 161
55 530
55 949
55 2076
55 3147
55 3162
55 3743
55 4209
55 4953
55 6452
55 8316
55 10479
56 45
56 144
56 439
56 442
56 541
56 676
56 678
56 808
56 1087
56 1091
56 1165
56 1195
56 1200
56 1201
56 1202
56 1497
56 2342
56 2793
56 3185
56 3191
56 3194
56 3295
56 3531
56 3761
56 3871
56 3988
56 4100
56 4488
56 8686
56 8973
56 9091
56 9314
56 9319
56 9578
56 10370
56 10776
56 11204
56 11205
56 11336
57 1049
57 3708
57 4183
57 4412
57 4614
57 4705
57 6138
57 6947
57 9301
57 11304
58 4705
58 5985
58 6332
58 6535
58 6600
58 6857
58 7401
58 7503
58 7763
58 8016
59 9524
60 10182
60 10503
60 10630
61 91
61 94
61 118
61 743
61 893
61 1027
61 1040
61 1764
61 1996
61 2155
61 2280
61 2407
61 2416
61 3771
61 4148
61 4369
61 5785
61 6038
61 6221
61 6222
61 6315
61 6502
61 7065
61 7145
61 7239
61 7427
61 7442
61 7849
61 8294
61 8518
61 8768
61 8792
61 9054
61 9157
61 9246
61 9490
61 9513
61 9728
61 10686
61 10869
61 11277
61 11279
62 6
62 1619
62 1863
62 1966
62 2425
62 2695
62 2698
62 4735
62 5169
62 5645
62 6776
62 6778
62 7267
62 7464
62 7674
62 8341
62 9298
62 10357
62 11171
62 11321
62 11322
63 4080
63 5562
63 5661
63 5860
63 5979
63 6530
63 6791
63 6792
63 6955
63 6974
63 7199
63 7304
63 7375
63 7694
63 8002
63 8550
63 8551
63 8827
63 8957
63 9288
63 9418
63 9698
63 9951
63 10039
63 10175
63 10339
63 10486
63 10755
63 10756
63 11311
64 552
64 982
64 983
64 994
64 2732
64 3998
64 5693
64 6119
64 6375
64 6720
64 6822
64 6916
64 7003
64 7006
64 7215
64 7319
64 7729
64 8062
64 8146
64 9821
64 10785
64 10800
65 3785
65 5470
65 6783
65 7565
66 308
66 459
66 3332
66 3791
66 4017
66 5782
66 6565
66 7747
67 313
67 1379
67 1882
67 2225
67 3538
67 4119
67 5086
67 5498
67 5904
67 5915
67 6642
67 6732
67 7324
67 7739
67 8386
67 8699
67 8904
67 8905
67 9109
67 9673
67 9825
67 10533
67 10784
67 10832
67 11209
67 11210
67 11241
68 961
68 1085
68 1325
68 3065
68 3472
68 3733
68 3835
68 3982
68 4190
68 4303
68 4350
68 4355
68 4621
68 5044
68 5367
68 5879
68 6096
68 6513
68 6602
68 6714
68 6903
68 6973
68 7107
68 7258
68 7262
68 8005
68 8348
68 8449
68 9420
68 9700
68 9797
68 9921
68 10045
69 1070
69 1954
69 3504
69 3523
69 3615
69 4438
69 4612
69 5044
69 5753
69 6349
69 6549
69 6974
69 10043
69 11312
70 4341
70 6899
70 8194
70 9953
70 10758
71 143
71 643
71 1176
71 1182
71 1862
71 2801
71 3281
71 3978
71 4414
71 4453
71 4549
71 6263
71 7074
71 7102
71 7296
71 7464
71 7717
71 7913
71 8968
71 9537
71 11044
72 181
72 439
72 541
72 543
72 785
72 1205
72 1607
72 1985
72 2091
72 2213
72 2343
72 2793
72 3056
72 3876
72 3988
72 4108
72 5031
72 5267
72 5493
72 5888
72 6370
72 6884
72 7465
72 8685
72 9092
72 9197
72 9576
72 10063
72 10065
72 10512
72 10637
72 10640
73 169
73 427
73 1481
73 1617
73 1960
73 4442
73 4840
73 6899
73 7102
73 7196
73 7293
73 7580
73 8017
73 8019
73 8558
73 9202
73 10352
73 11044
74 47
74 540
74 668
74 957
74 1638
74 1640
74 1979
74 2712
74 2713
74 2793
74 3301
74 3533
74 4108
74 4449
74 5493
74 6460
74 8684
74 8687
74 9079
74 9316
74 9406
74 9424
74 9436
74 9569
74 9967
74 9968
74 10063
74 10375
74 10514
74 10763
74 10776
74 10778
75 275
75 782
75 935
75 1313
75 1321
75 1322
75 1469
75 1610
75 2194
75 2306
75 2308
75 2559
75 3183
75 3391
75 3392
75 3488
75 3860
75 4196
75 4204
75 4342
75 4610
75 4631
75 4714
75 4836
75 5470
75 5649
75 5652
75 6159
75 6341
75 6790
75 6882
75 6915
75 7076
75 7171
75 7262
75 7269
75 7284
75 7565
75 7700
75 7804
75 8118
75 8227
75 8322
75 8325
75 8329
75 8446
75 8546
75 8661
75 8813
75 8821
75 9083
75 9542
75 9555
75 9695
75 9700
75 9789
75 9795
75 9801
75 10057
75 10170
75 10190
75 11034
75 11037
75 11059
75 11187
75 11315
76 2819
76 3066
76 3756
76 5463
76 5646
76 7580
76 7674
76 9789
76 10319
77 450
77 451
77 2096
77 2724
77 3090
77 3318
77 3897
77 5294
77 5587
77 5903
77 6183
77 6187
77 6189
77 6190
77 6287
77 6386
77 6475
77 6568
77 7602
77 8156
77 8158
77 8594
77 10071
77 10648
78 654
78 939
78 1474
78 1475
78 2315
78 2955
78 3394
78 3970
78 4537
78 5661
78 5859
78 6974
78 7702
78 7908
78 8323
78 9087
78 9183
78 9290
78 9421
78 9423
78 10174
78 10485
78 10757
78 11185
78 11309
79 2275
79 2532
79 3020
79 3349
79 3455
79 3931
79 4500
79 4667
79 4993
79 5525
79 5941
79 6223
79 6227
79 7332
79 7531
79 7619
79 7769
79 7975
79 8090
79 8408
79 8508
79 9034
79 9053
79 9372
79 10019
79 10136
79 10724
79 10837
79 11126
80 3246
80 4101
80 6521
80 7158
80 7249
80 7594
80 7657
80 7687
80 8094
80 8219
80 8843
80 9933
80 11288
81 1060
81 8116
81 9936
81 11173
82 1467
82 2327
82 2445
82 3611
82 4346
82 4413
82 5650
82 5849
82 6332
82 6416
82 6783
82 6894
82 6909
82 7173
82 7340
82 8198
82 8326
82 8357
82 9931
82 10315
82 11034
82 11042
83 810
83 959
83 1487
83 1627
83 1977
83 2672
83 2822
83 3523
83 3641
83 4081
83 4090
83 4108
83 4622
83 4629
83 5571
83 6552
83 6803
83 6995
83 7073
83 7394
83 8251
83 8466
83 9191
83 9707
83 10213
83 11052
84 129
84 918
84 2685
84 3708
84 3710
84 4183
84 4412
84 4413
84 4705
84 5441
84 5722
84 5823
84 6138
84 6416
84 6422
84 6600
84 6857
84 6947
84 7647
84 7762
84 9537
84 10149
84 10457
85 784
85 1741
85 3278
85 5262
85 6449
85 7284
85 7474
85 10630
86 143
86 959
86 1487
86 2337
86 2465
86 2706
86 2822
86 3641
86 3754
86 4446
86 4630
86 5275
86 5367
86 6056
86 6267
86 6716
86 7394
86 8025
86 8108
86 8138
87 636
87 2565
87 3087
87 3314
87 3320
87 3425
87 6931
88 1107
88 2103
88 4368
88 5279
88 6642
88 7123
88 7326
88 7714
88 8384
88 8579
89 810
89 2286
89 4967
89 5233
89 9581
89 10463
89 10889
89 10892
89 10901
89 11022
89 11194
89 11301
90 180
90 505
90 1348
90 2009
90 2718
90 3084
90 3318
90 3719
90 4115
90 4365
90 4471
90 4561
90 4562
90 4643
90 4749
90 4751
90 4967
90 5687
90 6142
90 6581
90 6726
90 7011
90 7325
90 7603
90 8159
90 8418
90 9067
90 9204
90 10461
91 974
91 1059
91 1348
91 1462
91 2676
91 2854
91 2942
91 3318
91 3887
91 4365
91 4376
91 4751
91 4862
91 4969
91 5284
91 5588
91 6182
91 6282
91 6287
91 6519
91 6581
91 7010
91 7482
91 7594
91 7602
91 7928
91 8158
91 8219
91 8230
91 8591
91 9001
91 9224
91 9538
91 9826
91 10881
92 207
92 2731
92 4851
92 4978
92 5516
92 6207
92 8295
92 8381
92 8386
92 9055
92 9292
92 10234
92 10682
92 10869
93 182
93 443
93 532
93 788
93 1080
93 1156
93 1461
93 1964
93 2072
93 3072
93 3404
93 3514
93 3629
93 3859
93 3860
93 4087
93 4102
93 4442
93 4617
93 4618
93 5049
93 5259
93 5356
93 5756
93 5987
93 6091
93 6610
93 6705
93 6803
93 6804
93 7478
93 7488
93 7580
93 7676
93 7999
93 8129
93 8133
93 8459
93 8834
93 9429
93 9779
93 9875
93 9956
93 10497
93 11191
93 11318
